00 00 00 00 00 00 00 00
00 00 00 00 00 00 00 00
00 00 00 00 00 00 00 00
00 00 00 00 00 00 00 00
00 00 00 00 00 00 00 00
00 00 00 00 00 00 00 00
00 00 00 00 00 00 00 00
00 00 00 00 00 00 00 00
00 00 00 00 00 00 00 00
00 00 00 00 00 00 00 00
00 00 00 00 00 00 00 00
00 00 00 00 00 00 00 00
00 00 00 00 00 00 00 00
00 00 00 00 00 00 00 00
00 00 00 00 00 00 00 00
00 00 00 00 00 00 00 00
00 00 00 00 00 00 00 00
1c 1a 40 00 00 00 00 00
f9 eb f9 49 00 00 00 00
e6 19 40 00 00 00 00 00
d1 19 40 00 00 00 00 00
36 1a 40 00 00 00 00 00
fe 7a 7e 12 00 00 00 00
6c 19 40 00 00 00 00 00
72 19 40 00 00 00 00 00
bd 19 40 00 00 00 00 00
49 16 40 00 00 00 00 00